5.0 0.0 0.0 5.0 0.0
5.0 5.0 0.0 5.0 0.0
5.0 5.0 5.0 5.0 90.0
5.0 10.0 5.0 5.0 0.0
5.0 10.0 0.0 5.0 -90.0
5.0 15.0 0.0 5.0 0.0
5.0 15.0 5.0 5.0 90.0
5.0 20.0 5.0 5.0 0.0
5.0 20.0 10.0 5.0 90.0
5.0 15.0 10.0 5.0 180.0
5.0 15.0 15.0 5.0 90.0
5.0 10.0 15.0 5.0 180.0
5.0 10.0 15.0 10.0 180.0
5.0 5.0 15.0 10.0 180.0
5.0 5.0 15.0 15.0 180.0
5.0 0.0 15.0 15.0 270.0
5.0 0.0 10.0 15.0 270.0
5.0 0.0 10.0 10.0 270.0
5.0 0.0 5.0 10.0 270.0
5.0 0.0 5.0 5.0 270.0
5.0 -2.5 2.5 5.0 225.0
5.0 0.0 0.0 5.0 0.0
5.0 0.0 0.0 0.0 0.0

